  -3.443
  -1.163
   2.592
  0.8695
  -6.647
   7.373
  -4.489
  -2.598
   7.251
   0.771
  -5.047
  -1.656
   5.051
  -2.285
  -3.504
   1.126
  -2.497
 -0.7296
 -0.7024
   1.921
  -5.063
 -0.6152
   8.127
  -1.493
 -0.1221
    5.11
  -1.681
  -4.307
-0.08839
   1.505
 -0.0788
    2.78
  -4.761
   5.153
   2.636
  -2.992
  -1.524
  0.4881
  -1.371
   1.505
  0.1482
   2.945
  -5.637
   1.871
 -0.3975
  -3.067
 -0.6675
  -2.766
    1.65
   5.811
  -2.868
 -0.1534
   4.114
  0.1939
  -2.666
   3.807
  -5.107
   2.771
   -2.89
 -0.4144
   3.271
   3.595
  0.5118
  0.6504
  -3.407
   5.376
  -4.807
   1.652
  -1.868
  -3.497
  -1.081
   6.966
  -2.663
  -7.202
   1.889
   8.068
  -1.932
  0.4175
   2.996
  -2.177
  -5.123
   6.915
  -3.274
  0.2257
 -0.4998
 -0.4477
   4.537
   2.808
  -4.363
 -0.6185
  -1.124
  0.6264
 -0.8791
 -0.4911
   1.039
  -3.246
   5.264
  -5.447
   4.548
   2.349
  -3.685
  -3.668
 -0.5294
   5.148
  -2.689
  0.1577
   1.744
   1.811
   0.638
  -3.313
 -0.4371
 -0.2605
    2.24
 -0.6812
  0.2852
  -4.291
   1.173
   4.222
  -4.984
  -3.901
   7.819
   1.333
   -6.26
  -2.621
  0.1539
  -2.246
  -1.652
   4.886
    1.61
  -5.197
    3.05
   1.527
   -3.48
   1.113
  -1.911
   2.577
  -2.566
    2.73
  -3.083
 0.02229
   0.999
   2.193
  0.5761
  0.9931
  -5.186
  -2.542
   0.589
  -1.803
   1.024
   2.413
  -5.231
  -2.305
   7.284
  -1.702
  0.1295
   4.441
  -5.156
   3.233
   5.148
   -9.27
  -1.188
   2.108
   3.458
  -7.751
  -1.539
   8.403
   1.171
   -3.71
  -2.056
  -1.118
  0.3695
   2.393
  -3.752
  -4.078
   3.795
  -3.382
   1.713
-0.06237
  0.5369
 -0.8144
  0.8584
  -1.468
  0.2797
 -0.6949
   2.018
   3.669
  -2.637
   1.892
   3.172
  -0.284
  -4.656
 -0.2915
   1.743
   0.164
  -3.316
   1.024
   4.016
  -6.486
 -0.5308
   7.146
 -0.1709
  -1.284
  0.7772
   3.874
   1.205
  -5.247
   -3.07
   1.596
  -3.611
   2.636
   4.823
  -3.935
  -5.765
   6.473
   2.765
  -7.762
   6.651
   4.163
   -3.86
  0.2785
   1.838
  -1.766
   4.708
  -2.394
  -3.745
   1.368
  -2.261
  0.2532
   3.441
  -1.059
   1.648
 -0.6014
   -5.08
   7.287
  -3.134
  -2.422
   6.362
   2.737
  -1.764
  0.9894
  -2.794
  -1.673
 -0.2258
   2.428
   3.415
  -5.033
   3.335
   2.609
  -4.247
   2.049
   5.449
   -8.17
  -1.494
   9.237
  0.2562
  -7.406
   6.543
   4.919
  -7.744
 0.09903
   1.521
  -3.837
  -2.305
   1.902
  -2.769
    -3.8
   2.807
 -0.8829
   2.475
     4.2
    -4.8
   4.734
  -3.165
 -0.8795
     4.5
  -0.968
  -6.812
 0.08706
   8.443
  -3.887
  -5.818
   7.112
   2.382
  -9.629
-0.03604
   4.559
   -1.63
  -1.015
   2.394
  -5.056
   3.079
   6.318
  -1.307
  0.3841
   2.874
  -2.703
   2.002
  0.5862
  -5.694
   5.381
   3.521
  -3.002
   4.147
  -2.112
   1.365
  -3.256
  -2.721
   4.433
 -0.2744
  -1.556
  -4.026
   1.062
   5.906
  -1.586
  -6.044
   3.353
  -0.987
  0.7604
  0.9897
 -0.8663
  -3.483
   4.686
 -0.2255
  -3.007
  -3.015
   1.522
   -1.33
   2.938
  0.6606
  -6.945
   2.645
   3.136
  -4.027
   2.716
   5.565
  -3.158
  0.9987
   3.478
  -7.322
   1.869
   0.865
  -4.091
  -1.284
   3.416
  -3.588
  -3.921
   1.779
   6.451
  -3.632
  -6.585
   5.334
  -1.997
   1.436
   5.327
 0.08152
  -1.487
   1.145
  -1.942
   5.184
  -5.607
  -4.358
   2.195
  -3.454
  -2.998
   5.698
  -3.559
 -0.9083
   3.973
 -0.2591
  -5.484
   2.556
    3.34
  -2.531
  -1.506
  0.1019
  -3.612
  0.4537
  -2.348
  -0.783
   3.164
  -1.443
   2.401
   2.511
  -3.316
   3.553
   4.832
  -3.951
   3.197
   4.154
  -6.296
   1.495
   7.258
  -2.738
  -6.958
   3.808
  0.3435
 -0.4784
   1.435
   -4.77
   4.971
     1.7
  -3.583
 0.05823
    4.54
  -2.436
  -2.683
   1.246
   5.938
 -0.9173
  -5.716
   7.087
  -2.741
  -5.713
   0.255
   7.524
  0.3837
   -8.84
   9.166
  -3.373
  -8.728
   10.68
   2.492
  -10.96
   2.412
   3.059
  -1.743
  -1.883
   3.167
 -0.7997
    1.42
  0.8264
  -1.261
   4.853
   2.285
  -4.232
  -2.328
   4.238
  -3.035
   -5.98
   7.226
  -2.421
  -8.098
   6.312
   3.742
  -8.637
  -2.873
   4.643
  -5.238
 -0.9572
   4.176
 -0.0434
  -4.405
   1.335
  -2.194
   -1.46
   3.138
  -4.919
  -2.791
    1.13
   3.621
  -5.583
   5.173
  -1.024
  -1.325
   2.463
  0.2916
   2.596
   1.895
   1.488
  -5.695
  0.1432
   7.773
  0.4128
  -6.178
   1.637
   7.427
  -0.828
  -5.605
   1.103
   6.916
  -4.231
  -4.638
   1.116
    3.92
  -3.085
  -1.089
  -1.793
 -0.8958
   2.974
   2.047
   1.586
  -3.195
  -3.088
   6.179
  -3.285
  -6.959
   4.276
   6.853
   -3.53
  -6.936
   2.933
    6.28
  -1.946
  -2.647
  0.1791
   6.359
  -4.535
   2.661
   4.523
  -7.084
  -2.518
   5.241
   1.536
 -0.9589
  -4.172
   2.344
   4.428
  -8.136
   5.652
  -2.144
    1.08
  -1.753
  -3.225
 -0.2997
   3.135
  -3.654
  0.5765
  -1.048
   4.196
  0.4004
  -1.153
   2.218
   3.063
  -4.805
 -0.4798
   4.516
  -6.631
  -2.985
   9.299
   -2.32
  -3.398
   7.929
  -4.731
  -3.296
   4.988
  -4.434
   3.762
   1.726
-0.08007
   2.253
   1.834
  -5.794
   5.387
   4.511
  -5.585
   4.295
  -3.445
   2.973
  -3.286
  0.1327
   3.329
  -2.794
  -5.026
  0.9545
   3.597
  -5.689
   1.023
   5.536
  -4.937
   1.772
   1.278
   1.473
   3.015
  -1.082
  0.3104
  -2.799
    5.97
  -4.262
 -0.3293
   2.269
  -2.507
   1.935
  -3.728
   3.579
  -2.282
  0.6617
   4.198
  -4.923
   3.991
 0.09229
   1.439
  -5.152
     5.7
   4.763
  -10.23
   1.458
   9.941
   -10.4
   -4.99
   9.734
 -0.4785
    -6.4
   5.573
   2.977
   -3.44
  -1.292
   4.198
   3.407
  0.7743
  -4.924
   5.114
     5.1
  -1.516
  -2.495
   3.307
  0.8039
  0.5829
  -3.058
  -1.778
   7.231
    0.25
  -8.771
   7.054
   3.326
  -2.963
  -2.056
   2.463
   3.484
  0.9033
  -3.307
 -0.4155
   -1.54
   2.876
   -2.28
   1.135
  -2.458
   0.739
    4.83
  -4.721
   2.454
  0.6915
   -1.27
   4.867
  -0.884
  -1.799
   4.816
  0.8018
  -3.951
    3.99
   5.048
 -0.6081
 -0.1738
  -1.507
  0.3071
    2.18
   3.053
  -5.069
   2.739
   4.652
  -4.906
  -4.492
   7.042
  -4.653
  -1.012
   4.081
  -3.204
  -1.467
  0.4023
  0.9241
  -4.141
   3.791
 -0.4421
   1.118
  0.3528
  -3.979
 -0.8919
   7.393
  -4.631
  -5.941
   5.032
   1.991
  -2.267
 -0.3108
  0.9138
  -3.273
   1.345
 -0.9842
  -2.674
    -1.8
  0.4446
  -1.433
   1.002
   1.849
  -5.527
   2.795
   1.866
 -0.2049
   3.081
   -3.05
  -5.113
   6.052
   1.634
 -0.2728
  -3.047
   3.366
   3.836
   -5.97
 -0.2983
   1.655
 -0.7531
  -5.285
   7.807
  -4.051
   1.893
   1.667
  0.9289
  -3.798
   3.214
-0.08344
   1.108
   4.017
  -2.413
   1.843
  -1.761
  -1.597
   5.141
  -1.432
  -1.164
   5.678
  -4.984
   3.105
  0.9988
  -7.019
-0.06607
   7.892
  -1.638
  -6.597
   1.256
   6.496
  -8.307
  -1.008
   6.534
   -6.51
   1.546
     4.5
  -8.069
   5.794
   3.003
  -6.144
   3.233
   5.136
  -4.999
   -3.72
   9.355
  -7.217
  -6.539
   8.212
   4.047
   -2.33
  -6.197
   1.569
  -1.937
   3.732
  0.6805
  0.3742
   4.381
  -2.384
   1.395
   1.814
  -2.546
   4.894
   1.436
  -2.916
   5.047
  -1.033
  -1.496
   1.302
   2.088
   1.637
-0.03007
 -0.9039
   2.567
  -4.948
   4.892
  -3.552
  -3.614
   1.456
   5.328
   -6.96
  -1.464
   5.235
    2.86
   0.418
  0.2198
  -3.542
   3.059
  -2.454
   0.866
   3.237
  -4.549
   2.568
   1.911
 -0.6154
   -1.68
   4.667
   0.161
  -1.155
   3.501
 -0.4561
  -2.286
   1.524
   4.777
  -1.603
  -4.311
   6.679
 0.02414
  -1.397
  -1.593
   1.848
  -1.756
   1.209
   4.132
    -5.1
  -4.406
  0.6053
   1.081
   3.888
  -2.027
 -0.7488
  -1.961
-0.02132
   3.491
  -3.396
   1.896
   2.083
 -0.7645
   1.332
   2.227
  0.3524
    1.26
   4.023
  -3.187
  -1.484
  -1.437
   6.479
  -4.061
  0.1843
   4.398
  -6.162
   5.183
   1.746
  -5.154
  -2.574
   2.138
   2.117
  -6.124
  0.5631
   5.249
  -1.879
  -2.335
  0.1252
   5.073
  -5.594
  0.1433
  -1.499
  -1.741
  -2.841
   2.056
  -1.271
  -4.116
  -1.128
  0.5121
  -2.077
  0.2005
 -0.7262
  -3.857
   3.846
  -2.535
  -4.612
   1.358
   6.061
  -4.123
   1.585
   2.964
  -6.009
  -2.158
   6.317
  -4.149
  -2.519
   8.592
  -1.596
    -3.8
   6.386
  0.1619
  -8.844
   7.247
  -1.327
  -2.985
  -2.269
   2.235
  -1.873
   1.321
   2.771
  -5.176
  -2.498
   7.659
  -6.842
   1.754
   7.453
  -3.556
  -1.239
   7.366
  -1.083
  -8.682
   4.153
 -0.5916
  -6.912
 -0.8821
   6.242
   1.114
 -0.4847
  -2.972
   4.405
   3.561
  -1.177
  -1.427
   1.118
  -1.073
  -4.079
 0.02136
  0.9981
  0.8419
   3.324
  -7.003
   6.293
   4.915
  -2.806
-0.002711
   4.143
  -6.132
   -2.85
    6.97
  -0.393
  -5.631
   6.886
   -4.97
  -4.578
   4.937
  0.7943
  -5.576
   2.535
   2.615
  0.2889
  -5.863
   7.715
   1.324
  -1.947
  -3.394
  0.2994
   5.784
  0.0158
   1.167
  -1.412
   1.663
  -4.119
   3.768
   2.359
 -0.2134
    1.37
  0.4939
   1.037
   3.213
  0.5387
   1.814
  -1.228
  0.9962
   2.463
    2.93
 -0.6106
   1.016
  -4.199
  -1.604
   3.714
  -3.684
  0.4725
   4.573
  -2.809
  -6.052
   5.674
  0.2471
  0.8046
   2.217
  -4.544
   2.109
  0.4431
 -0.1729
  -3.519
   1.027
   -2.32
   3.478
   1.887
