  -1.199
  -3.633
  -5.993
   -6.36
   -6.18
  -8.992
  -4.332
  -1.629
  -4.687
   1.124
   4.121
   6.194
   3.848
  -1.796
  0.5375
 -0.2476
    3.05
   4.665
   1.645
  0.9517
 -0.5558
 -0.2263
   1.767
  0.8085
  -1.506
  -1.225
   3.535
  0.8595
  0.4978
   1.942
   3.694
   1.921
  -3.399
  0.8402
   2.137
   4.021
   4.603
  -1.356
 -0.5615
  0.6211
   3.146
   1.165
   1.563
   4.744
  0.7815
  -2.801
  -1.068
 -0.6451
 -0.8788
  -4.301
  -4.955
   -5.93
   1.074
  -0.699
 -0.8552
  -3.034
  -4.396
  -4.142
  0.1897
   4.523
   4.676
 -0.6231
  -0.503
  -1.225
  -4.838
  -1.183
   3.972
 -0.6506
  -2.615
   1.978
   -1.43
   -2.98
  -2.327
  -1.402
   2.549
   1.322
   2.653
  -2.263
  -3.333
   -6.64
   -5.21
  -1.921
 -0.8128
  -2.933
  -1.022
   3.531
  -1.657
  -4.807
   1.823
  -2.243
  -1.768
  -1.498
  -5.507
  0.4473
 -0.4078
  -1.718
   3.769
  -2.051
  0.9781
  -3.313
  0.2266
   1.188
  -4.234
  -1.075
   3.221
 -0.7788
   3.693
  -2.478
  -4.306
  -7.398
  -7.696
  -7.817
  -6.821
  -7.316
   -6.07
   -3.47
   0.991
   4.687
   4.798
  0.6635
  0.7956
 0.004124
  -1.654
  -2.349
  0.9818
  -1.317
   1.242
  0.1936
 -0.5264
  -5.104
  0.9443
  -1.006
  -3.678
  -4.766
  -7.211
  -2.777
   2.566
  -3.215
   1.831
   2.131
  -1.257
  -4.092
  -4.139
 -0.6642
  -0.373
  0.2845
  -2.291
  -3.157
  0.8338
   3.818
  0.5672
   5.126
   7.722
     0.3
   3.627
   6.036
     7.1
 -0.3624
   3.552
   1.124
   3.319
   1.456
  -2.525
  -5.862
   -7.62
  -7.165
  -9.535
  -7.118
  -4.729
 -0.4798
   2.863
  -2.251
   3.659
   5.679
   3.387
   4.301
   6.134
   1.852
  -1.054
  -4.953
 -0.3964
   2.439
  0.3883
  0.1146
  0.0902
  -2.387
  -4.424
  -7.516
  -8.135
  -3.856
  -5.171
   -4.27
   0.413
   -3.32
  -2.741
   -1.15
  -3.632
   1.318
  0.8756
   3.714
   2.347
   3.277
   5.858
-0.08029
 0.009845
   1.617
  -3.147
   2.354
   3.255
   6.687
   7.519
    5.13
   2.919
   2.032
   1.236
   -3.34
  -3.023
  0.7457
   3.205
    2.48
  0.9466
  -3.734
  -7.119
  -7.715
  -8.707
  -1.541
  -4.407
   -2.37
 -0.3785
   2.821
   2.191
   6.076
 -0.9803
  -1.733
   3.749
  -2.124
 -0.4507
  -3.174
  -3.588
  -1.493
  -4.923
   1.603
   5.018
    5.64
   7.003
   3.075
   1.042
  -3.526
     2.7
   3.087
   5.073
   8.118
   1.738
  -1.163
   3.097
   6.307
   6.002
   1.659
-0.03505
   3.793
   4.659
   4.043
-0.09192
   4.109
 -0.6703
   3.286
  -1.911
  -4.891
     1.3
  -1.108
    -4.7
  -3.499
 -0.6411
  0.4583
   4.481
  -1.998
  -3.345
  -3.257
  -6.379
  -1.513
  0.4809
 -0.8667
  -1.122
  0.6906
   2.389
  -0.487
  -1.973
  -1.392
  -4.102
   0.104
  -2.165
   1.244
  -1.368
  -2.605
   2.213
   3.007
  -1.132
 0.02085
  -3.226
  -5.283
  -7.355
 -0.1972
   3.845
   4.709
   3.277
    -2.1
  0.4166
   4.218
   1.379
  -1.532
   1.603
  0.2927
   4.962
   6.075
   7.036
   5.112
  0.7401
  0.8491
  0.8777
  -4.106
  0.1911
   2.532
   4.533
   4.011
   1.441
   2.853
    -2.5
  -2.374
  -3.187
  -4.303
  -7.264
 -0.2465
  -1.524
  -4.546
  -6.375
  -6.393
   -4.89
  -3.752
  -3.475
  -5.154
  -6.448
  -6.761
  -1.469
  -1.338
  -1.381
  -4.335
  -7.374
  -3.924
 -0.1847
  -2.593
   -2.65
  -2.875
  -4.653
  -2.448
  -5.289
  -6.635
  -5.423
  -7.887
  -4.692
  -6.752
  0.4382
  -3.173
  -1.586
   2.595
  -3.467
  -5.674
  -1.557
  -3.211
-0.09815
   1.943
   5.349
  -1.388
   4.174
  0.5347
   3.604
 -0.3592
   2.558
  -2.793
  -5.281
  -5.591
  -7.604
  -8.685
  -5.797
 -0.5693
   3.571
 0.03175
  -4.412
  -3.913
   -7.25
  -4.514
  -5.966
  -8.441
  -4.918
  0.4883
 -0.9814
  -3.532
   1.988
  -1.197
  -2.651
 -0.1506
  -3.059
  0.4802
 -0.8942
   1.653
-0.04092
   -4.46
  -1.742
  -5.439
  -2.053
  -0.788
  -4.557
  -7.615
 -0.4307
   1.666
  -3.179
   -4.88
  -0.115
  -4.805
  -1.227
  -1.234
  -1.947
  0.1083
  -2.428
   -4.46
  -2.082
  -3.171
  -3.271
   2.087
   5.634
 -0.5741
  -1.904
  0.1699
 -0.1978
  -2.579
    -1.7
   2.742
  0.8963
    2.44
  -1.971
  -2.181
   2.281
  -2.955
   2.389
   5.557
   5.942
    8.23
   2.203
   4.661
   1.571
   3.934
    3.92
   7.256
   7.824
   7.634
  0.3201
   3.357
   3.535
   6.115
  0.1952
   3.214
   4.696
  0.1523
   3.841
  -1.799
 -0.5446
   3.822
  0.1329
 -0.4018
   -1.54
  -5.333
  -1.396
 -0.4791
  -1.731
  -2.109
   -1.97
   2.653
   5.053
   5.207
   3.483
   2.081
   3.632
  0.3602
  -3.971
  -1.061
  -5.135
-0.02471
  -4.363
   1.721
  0.3794
  -1.744
  -2.921
  -3.846
   1.161
 -0.1709
   1.945
 -0.1846
  -4.886
  -5.133
  -4.774
  -3.143
   1.226
   2.665
   2.763
  -2.965
  -5.886
  -1.496
 -0.6125
  0.2651
 -0.8339
  -4.173
  -3.319
  -1.256
 -0.5978
  -1.645
  -1.587
  -1.175
  -4.249
  -3.899
  -5.668
 -0.1781
    2.04
    3.28
   1.899
   3.991
   2.702
   3.462
  0.7805
  -1.043
  -4.334
 -0.1477
   1.683
   1.003
   3.534
   4.837
   3.382
 -0.6574
  -4.728
  -1.527
  -5.423
  -4.559
  -4.344
  -3.182
  -6.798
   -8.92
   -10.2
  -5.489
  -1.079
   2.443
  0.8771
   2.198
  -0.728
   1.603
 -0.6616
     1.2
   -2.44
  -4.007
   1.407
   5.421
  -1.413
  -1.884
  0.4027
   1.648
   3.805
  -1.424
 -0.6493
  -5.233
  -5.542
  -2.988
  -3.012
  -5.751
  -1.149
 -0.9921
 -0.1959
  -4.255
  -6.119
  -7.127
  -8.581
  -5.404
  -3.779
  -5.075
  -1.778
  -1.104
 -0.1046
   1.827
  -2.299
  -5.765
  0.5521
  0.3488
   4.675
   3.613
   3.527
   1.068
   5.662
  0.3267
  0.5945
  -1.546
 0.05814
   4.016
   5.677
   4.078
   1.154
   1.348
  -1.233
   3.188
   2.573
    2.06
  -1.002
   3.824
  -1.854
  -1.037
 -0.8697
 -0.1239
   2.639
   1.274
 -0.3114
  -4.434
  -5.779
   -6.47
  -8.167
  -7.972
  -5.521
 -0.5642
   1.615
   3.631
  -2.316
  -1.593
  -3.448
   -4.41
  -7.758
  -5.026
  -3.988
   -1.15
   -4.53
  -1.106
  -2.132
  -3.772
   1.672
  0.4702
   1.357
   3.069
   -3.06
   1.681
  -3.121
   1.496
  -2.362
 0.04363
   -2.02
  -5.667
  -3.568
   1.219
   -2.99
-0.003395
  -4.296
  -5.859
  -2.045
  -1.774
  -2.596
  -2.038
   2.174
   1.169
   5.809
   3.244
   2.563
  0.3267
  -3.259
 -0.5901
  0.7229
   -3.68
   1.109
   2.364
  -2.884
  -1.753
  -2.188
  0.9833
  -3.121
  -2.245
  -0.819
   2.483
  -2.308
   2.785
  -1.288
  -4.892
  -4.034
   2.226
  -1.368
  -2.925
  -2.191
   2.929
   -3.06
  -6.034
  -3.211
-0.02215
  -3.452
  -4.958
 -0.8793
   -3.79
  0.6059
   5.066
    4.16
   4.149
   2.283
  -1.903
  -3.285
 -0.3328
   -1.13
  -2.999
    1.62
  -3.578
   2.146
  0.1138
   3.271
   5.858
   4.467
    1.34
  -2.432
   -5.85
  -6.246
-0.01292
   2.925
  -2.016
   1.317
  -3.852
  -6.244
  0.6139
 -0.4836
   1.745
    4.57
    4.67
   4.023
    4.25
   6.339
   8.164
     7.6
   9.422
   6.512
   1.921
   4.368
   1.673
    5.51
   3.663
   3.326
   1.935
   1.775
  -0.911
   3.372
   2.256
   3.246
    2.21
  -1.927
   3.493
  -1.277
  -0.561
   2.007
  -3.195
 -0.1739
 -0.5041
  -4.582
  -2.089
   3.016
  0.3281
  -3.137
   2.827
   5.079
   5.143
   2.725
 -0.1286
    4.13
   4.599
   5.904
     8.5
   5.799
 -0.9166
      -3
  0.5154
   2.311
  0.5759
  0.5253
   4.484
 -0.6921
   2.639
   5.995
   3.544
   3.729
  -1.872
   2.789
   3.262
   5.916
   6.949
   5.787
 -0.2986
  -2.401
   1.461
  -3.078
 -0.4932
  -5.164
  -2.857
  -5.395
  -2.584
  -6.053
  -8.273
  -7.143
  -2.219
   -3.77
   2.182
   4.491
   3.048
   6.145
   4.601
   7.123
   1.026
   3.719
  -2.357
  -2.627
  0.0654
  -4.843
  -4.549
  -2.501
  -3.687
   1.056
   3.496
  -2.533
  -4.622
  -5.983
  -3.359
  -4.918
 -0.7283
   2.014
   3.359
  0.3503
  -1.614
  -1.102
   2.038
   4.137
   1.175
  -1.626
  -5.623
  -1.056
   2.326
   5.521
 -0.5306
   1.107
  -1.458
  0.5077
  -2.594
   3.429
   5.609
   7.394
   2.902
   4.669
  0.9816
  -3.419
  -2.089
  -1.357
  -2.173
  -2.159
  -4.248
   -4.21
  0.2136
 -0.9065
  -2.055
  -4.372
  -6.595
  -6.547
 0.05427
   -2.51
  -3.164
   2.171
  -1.911
 -0.1927
  -2.624
  0.7748
   -1.19
  -3.203
  0.6862
   3.252
  -2.656
  -3.714
  -2.065
  -1.968
 -0.6855
  -4.825
  0.9687
   1.182
  -2.029
 0.05707
   3.823
   5.132
   2.323
-0.01726
   1.909
    -1.2
  -3.069
   1.526
   3.844
 -0.1672
  -4.354
  -3.966
  -6.683
  -6.402
  -2.461
  -3.309
  -6.179
  -3.263
 -0.5674
 -0.5713
  -1.268
  -2.824
   2.902
  0.9451
  -1.561
  0.5167
   -3.63
 -0.8242
  -3.903
  0.7168
   1.216
  -1.556
 -0.3663
   -2.02
   1.132
   -2.57
  0.1996
  0.5914
  -4.142
  -5.541
  -5.346
   1.203
  -2.417
  -3.941
   1.927
   3.479
   6.648
   2.548
  -0.818
   2.574
   1.002
  -3.051
  -2.374
  -5.625
  -6.016
  -3.289
   1.225
  -3.333
  -1.433
  -4.278
  -5.933
  -2.253
  -1.742
  0.5003
   3.562
  0.2249
   3.763
   6.854
   3.549
   2.478
  -2.317
   3.496
   4.155
   4.415
   7.674
   6.644
  0.2017
  -2.458
   1.249
  -2.493
  -4.216
  -7.273
  -8.757
 -0.8159
  -1.246
  -4.567
   1.069
  0.9344
  -2.836
  -4.707
   1.594
   5.708
   6.156
   3.601
  -2.196
    -2.5
   1.968
  -2.199
  -2.383
   1.354
  -4.259
  -5.087
  -2.746
  0.7458
  -2.506
    -3.4
  -2.611
  -6.542
  -2.975
   2.687
  -1.901
    2.59
  -1.057
  -4.494
   2.008
   5.914
